50
2
0.98

50
3
0.908

50
4
0.708

50
5
0.236

50
6
0.162

50
7
0.19

50
8
0.168

40
2
0.982

40
3
0.886

40
4
0.212

40
5
0.162

40
6
0.16

40
7
0.194

40
8
0.178

30
2
0.256

30
3
0.142

30
4
0.044

30
5
0.048

30
6
0.018

30
7
0.026

30
8
0.02

20
2
0.174

20
3
0.122

20
4
0.084

20
5
0.046

20
6
0.022

20
7
0.008

20
8
0

10
2
0.192

10
3
0.13

10
4
0.056

10
5
0.04

10
6
0.014

10
7
0.002

10
8
0.006